0 0 0.299659E+07
0 10 0.296949E+07
0 11 0.297747E+07
0 12 0.302093E+07
0 13 0.296650E+07
0 14 0.303717E+07
0 15 0.301210E+07
0 16 0.298313E+07
0 17 0.298622E+07
0 18 0.300191E+07
0 19 0.293589E+07
0 1 0.300763E+07
0 20 0.303962E+07
0 21 0.300591E+07
0 22 0.299335E+07
0 23 0.296341E+07
0 24 0.302783E+07
0 25 0.299971E+07
0 26 0.299306E+07
0 27 0.294052E+07
0 28 0.304459E+07
0 29 0.297004E+07
0 2 0.301010E+07
0 30 0.301906E+07
0 31 0.298704E+07
0 32 0.303376E+07
0 33 0.304247E+07
0 34 0.297399E+07
0 35 0.300916E+07
0 36 0.299969E+07
0 37 0.295818E+07
0 38 0.307216E+07
0 39 0.293380E+07
0 3 0.301343E+07
0 40 0.296760E+07
1 41 0.302384E+07

3 43 0.302795E+07
4 44 0.300241E+07
5 45 0.303357E+07
6 46 0.298534E+07
7 47 0.301602E+07
8 48 0.302713E+07
9 49 0.296111E+07
0 4 0.302795E+07
10 50 0.302346E+07
11 51 0.296367E+07
12 52 0.303078E+07
13 53 0.294488E+07
14 54 0.300336E+07
15 55 0.297591E+07
16 56 0.300129E+07
17 57 0.305350E+07
18 58 0.293373E+07
19 59 0.301133E+07
0 5 0.305946E+07
20 60 0.297897E+07
21 61 0.299750E+07
22 62 0.299184E+07
23 63 0.301580E+07
24 64 0.297506E+07
25 65 0.299095E+07
26 66 0.300506E+07
27 67 0.298747E+07
28 68 0.300801E+07
29 69 0.297699E+07
0 6 0.298220E+07
30 70 0.300338E+07
31 71 0.299391E+07
32 72 0.300004E+07
33 73 0.299702E+07
34 74 0.299581E+07
35 75 0.301794E+07
36 76 0.298063E+07
37 77 0.300901E+07
38 78 0.296072E+07
39 79 0.297335E+07
0 7 0.301820E+07
40 80 0.298758E+07
41 81 0.300997E+07
42 82 0.299323E+07
43 83 0.299817E+07
44 84 0.298220E+07
45 85 0.297044E+07
46 86 0.298738E+07
47 87 0.296049E+07
48 88 0.300442E+07
49 89 0.299346E+07
0 8 0.297600E+07
50 90 0.297735E+07
51 91 0.295861E+07
52 92 0.296049E+07
53 93 0.295698E+07
54 94 0.297728E+07
55 95 0.298506E+07
56 96 0.299643E+07
0 9 0.300365E+07
