0 0 0.371811E+07
0 10 0.370890E+07
0 11 0.370040E+07
0 12 0.374500E+07
0 13 0.367541E+07
0 14 0.377366E+07
0 15 0.374888E+07
0 16 0.368568E+07
0 17 0.370094E+07
0 18 0.372695E+07
0 19 0.360715E+07
0 1 0.375439E+07
0 20 0.379573E+07
0 21 0.373605E+07
0 22 0.370405E+07
0 23 0.366529E+07
0 24 0.376772E+07
0 25 0.371724E+07
0 26 0.371652E+07
0 27 0.362413E+07
0 28 0.379564E+07
0 29 0.366574E+07
0 2 0.370750E+07
0 30 0.376572E+07
0 31 0.369034E+07
0 32 0.378653E+07
0 33 0.378352E+07
0 34 0.368591E+07
0 35 0.375209E+07
0 36 0.371285E+07
0 37 0.365137E+07
0 38 0.384218E+07
0 39 0.359729E+07
0 3 0.375207E+07
0 40 0.368454E+07
1 41 0.374800E+07
2 42 0.371037E+07
3 43 0.376059E+07
4 44 0.373007E+07
5 45 0.376648E+07
6 46 0.370148E+07
7 47 0.373825E+07
8 48 0.375919E+07
9 49 0.368178E+07
0 4 0.374583E+07
10 50 0.374280E+07
11 51 0.367760E+07
12 52 0.375795E+07
13 53 0.364773E+07
14 54 0.373377E+07
15 55 0.369125E+07
16 56 0.372463E+07
17 57 0.378857E+07
18 58 0.363823E+07
19 59 0.373773E+07
0 5 0.380812E+07
20 60 0.369430E+07
21 61 0.371981E+07
22 62 0.371111E+07
23 63 0.374576E+07
24 64 0.368651E+07
25 65 0.371408E+07
26 66 0.372659E+07
27 67 0.371489E+07
28 68 0.372004E+07
29 69 0.368932E+07
0 6 0.370544E+07
30 70 0.372742E+07
31 71 0.371382E+07
32 72 0.372290E+07
33 73 0.371483E+07
34 74 0.372414E+07
35 75 0.375540E+07
36 76 0.368567E+07
37 77 0.372921E+07
38 78 0.368090E+07
39 79 0.369600E+07
0 7 0.377430E+07
40 80 0.370372E+07
41 81 0.372496E+07
42 82 0.371816E+07
43 83 0.371782E+07
44 84 0.370320E+07
45 85 0.368957E+07
46 86 0.371070E+07
47 87 0.367446E+07
48 88 0.373687E+07
49 89 0.371702E+07
0 8 0.365197E+07
50 90 0.370626E+07
51 91 0.368126E+07
52 92 0.368232E+07
53 93 0.367362E+07
54 94 0.368777E+07
55 95 0.370206E+07
56 96 0.372115E+07
0 9 0.369668E+07
