0 0 0.299618E+07
0 10 0.296836E+07
0 11 0.297713E+07
0 12 0.302041E+07
0 13 0.296606E+07
0 14 0.303641E+07
0 15 0.301150E+07
0 16 0.298227E+07
0 17 0.298536E+07
0 18 0.300109E+07
0 19 0.293508E+07
0 1 0.300702E+07
0 20 0.303943E+07
0 21 0.300533E+07
0 22 0.299245E+07
0 23 0.296321E+07
0 24 0.302736E+07
0 25 0.299898E+07
0 26 0.299297E+07
0 27 0.293971E+07
0 28 0.304418E+07
0 29 0.297016E+07
0 2 0.300980E+07
0 30 0.301834E+07
0 31 0.298656E+07
0 32 0.303332E+07
0 33 0.304121E+07
0 34 0.297323E+07
0 35 0.300908E+07
0 36 0.299908E+07
0 37 0.295728E+07
0 38 0.307183E+07
0 39 0.293277E+07
0 3 0.301298E+07
0 40 0.296738E+07
1 41 0.302306E+07
2 42 0.300273E+07
3 43 0.302737E+07
4 44 0.300183E+07
5 45 0.303288E+07
6 46 0.298441E+07
7 47 0.301516E+07
8 48 0.302618E+07
9 49 0.296073E+07
0 4 0.302702E+07
10 50 0.302293E+07
11 51 0.296316E+07
12 52 0.302995E+07
13 53 0.294471E+07
14 54 0.300307E+07
15 55 0.297515E+07
16 56 0.300054E+07
17 57 0.305291E+07
18 58 0.293297E+07
19 59 0.301070E+07
0 5 0.305858E+07
20 60 0.297807E+07
21 61 0.299721E+07
22 62 0.299112E+07
23 63 0.301496E+07
24 64 0.297455E+07
25 65 0.299026E+07
26 66 0.300462E+07
27 67 0.298689E+07
28 68 0.300723E+07
29 69 0.297639E+07
0 6 0.298213E+07
30 70 0.300279E+07
31 71 0.299366E+07
32 72 0.299948E+07
33 73 0.299600E+07
34 74 0.299488E+07
35 75 0.301722E+07
36 76 0.297964E+07
37 77 0.300855E+07
38 78 0.296070E+07
39 79 0.297279E+07
0 7 0.301779E+07
40 80 0.298717E+07
41 81 0.300968E+07
42 82 0.299226E+07
43 83 0.299737E+07
44 84 0.298168E+07
45 85 0.297008E+07
46 86 0.298666E+07
47 87 0.296012E+07
48 88 0.300416E+07
49 89 0.299306E+07
0 8 0.297532E+07
50 90 0.297712E+07
51 91 0.295800E+07
52 92 0.295999E+07
53 93 0.295650E+07
54 94 0.297643E+07
55 95 0.298465E+07
56 96 0.299578E+07
0 9 0.300362E+07
